105.275 97.0
105.825 101.0
106.375 77.0
106.925 80.0
107.475 93.0
108.025 77.0
108.575 64.0
109.125 81.0
109.675 74.0
110.225 65.0
110.775 57.0
111.325 75.0
111.875 72.0
112.425 77.0
112.975 62.0
113.525 76.0
114.075 80.0
114.625 55.0
115.175 66.0
115.725 60.0
116.275 59.0
116.825 55.0
117.375 50.0
117.925 68.0
118.475 49.0
119.025 50.0
119.575 57.0
120.125 58.0
120.675 57.0
121.225 47.0
121.775 37.0
122.325 46.0
122.875 54.0
123.425 47.0
123.975 44.0
124.525 53.0
125.075 42.0
125.625 34.0
126.175 52.0
126.725 44.0
127.275 39.0
127.825 43.0
128.375 46.0
128.925 44.0
129.475 34.0
130.025 53.0
130.575 41.0
131.125 32.0
131.675 39.0
132.225 40.0
132.775 33.0
133.325 25.0
133.875 43.0
134.425 30.0
134.975 31.0
135.525 40.0
136.075 18.0
136.625 28.0
137.175 48.0
137.725 30.0
138.275 36.0
138.825 41.0
139.375 28.0
139.925 29.0
140.475 24.0
141.025 20.0
141.575 22.0
142.125 29.0
142.675 31.0
143.225 17.0
143.775 27.0
144.325 29.0
144.875 25.0
145.425 18.0
145.975 28.0
146.525 22.0
147.075 26.0
147.625 14.0
148.175 26.0
148.725 21.0
149.275 22.0
149.825 19.0
150.375 21.0
150.925 22.0
151.475 17.0
152.025 17.0
152.575 18.0
153.125 15.0
153.675 18.0
154.225 24.0
154.775 18.0
155.325 20.0
155.875 16.0
156.425 20.0
156.975 17.0
157.525 17.0
158.075 13.0
158.625 18.0
159.175 21.0
159.725 12.0
