105.275 34.0
105.825 38.0
106.375 21.0
106.925 32.0
107.475 25.0
108.025 27.0
108.575 28.0
109.125 15.0
109.675 32.0
110.225 28.0
110.775 20.0
111.325 20.0
111.875 14.0
112.425 21.0
112.975 21.0
113.525 16.0
114.075 17.0
114.625 18.0
115.175 21.0
115.725 18.0
116.275 15.0
116.825 15.0
117.375 18.0
117.925 15.0
118.475 18.0
119.025 18.0
119.575 18.0
120.125 12.0
120.675 21.0
121.225 11.0
121.775 13.0
122.325 16.0
122.875 20.0
123.425 7.0
123.975 21.0
124.525 18.0
125.075 18.0
125.625 19.0
126.175 20.0
126.725 19.0
127.275 17.0
127.825 10.0
128.375 16.0
128.925 16.0
129.475 8.0
130.025 15.0
130.575 7.0
131.125 9.0
131.675 9.0
132.225 10.0
132.775 9.0
133.325 11.0
133.875 11.0
134.425 11.0
134.975 12.0
135.525 11.0
136.075 11.0
136.625 11.0
137.175 12.0
137.725 8.0
138.275 5.0
138.825 10.0
139.375 8.0
139.925 11.0
140.475 13.0
141.025 4.0
141.575 10.0
142.125 6.0
142.675 8.0
143.225 8.0
143.775 5.0
144.325 8.0
144.875 6.0
145.425 6.0
145.975 12.0
146.525 8.0
147.075 7.0
147.625 10.0
148.175 5.0
148.725 6.0
149.275 8.0
149.825 7.0
150.375 6.0
150.925 9.0
151.475 1.0
152.025 8.0
152.575 3.0
153.125 5.0
153.675 10.0
154.225 6.0
154.775 6.0
155.325 5.0
155.875 6.0
156.425 6.0
156.975 3.0
157.525 1.0
158.075 5.0
158.625 3.0
159.175 0.0
159.725 3.0
